image_width: 3840
image_height: 2160
camera_name: rgb_camera
camera_matrix:
  rows: 3
  cols: 3
  data: [1827.912841796875, 0.0, 1929.83447265625,
         0.0, 1827.9361572265625, 1099.979736328125,
         0.0, 0.0, 1.0]
distortion_model: rational_polynomial
distortion_coefficients:
  rows: 1
  cols: 8
  data: [0.15958991646766663, -2.530529499053955, 0.0010216705268248916, -0.0004944186075590551, 
         1.6652499437332153, 0.04499012976884842, -2.3407037258148193, 1.5764943361282349]
rectification_matrix:
  rows: 3
  cols: 3
  data: [1.0, 0.0, 0.0,
         0.0, 1.0, 0.0,
         0.0, 0.0, 1.0]
projection_matrix:
  rows: 3
  cols: 4
  data: [1827.912841796875, 0.0, 1929.83447265625, 0.0,
         0.0, 1827.9361572265625, 1099.979736328125, 0.0,
         0.0, 0.0, 1.0, 0.0]

